--
-- PostgreSQL database dump
--

-- Dumped from database version 15.8 (Ubuntu 15.8-1.pgdg22.04+1)
-- Dumped by pg_dump version 15.8 (Ubuntu 15.8-1.pgdg22.04+1)

SET statement_timeout = 0;
SET lock_timeout = 0;
SET idle_in_transaction_session_timeout = 0;
SET client_encoding = 'UTF8';
SET standard_conforming_strings = on;
SELECT pg_catalog.set_config('search_path', '', false);
SET check_function_bodies = false;
SET xmloption = content;
SET client_min_messages = warning;
SET row_security = off;

--
-- Name: postgis; Type: EXTENSION; Schema: -; Owner: -
--

CREATE EXTENSION IF NOT EXISTS postgis WITH SCHEMA public;


--
-- Name: EXTENSION postgis; Type: COMMENT; Schema: -; Owner: 
--

COMMENT ON EXTENSION postgis IS 'PostGIS geometry and geography spatial types and functions';


--
-- Name: pgrouting; Type: EXTENSION; Schema: -; Owner: -
--

CREATE EXTENSION IF NOT EXISTS pgrouting WITH SCHEMA public;


--
-- Name: EXTENSION pgrouting; Type: COMMENT; Schema: -; Owner: 
--

COMMENT ON EXTENSION pgrouting IS 'pgRouting Extension';


--
-- Name: preencher_conexoes_com_destinos(numeric); Type: FUNCTION; Schema: public; Owner: indoor
--

CREATE FUNCTION public.preencher_conexoes_com_destinos(raio_maximo numeric) RETURNS integer
    LANGUAGE plpgsql
    AS $$
DECLARE
    waypoint_origem RECORD;
    waypoint_destino RECORD;
    distancia NUMERIC;
    num_conexoes INTEGER := 0;
BEGIN
    -- Primeiro: Conectar apenas corredores e áreas de circulação entre si
    FOR waypoint_origem IN SELECT id, coordenadas FROM waypoints WHERE tipo IN ('corredor', 'circulacao') LOOP
        FOR waypoint_destino IN SELECT id, coordenadas FROM waypoints WHERE tipo IN ('corredor', 'circulacao') LOOP
            IF waypoint_origem.id <> waypoint_destino.id THEN
                distancia := ST_Distance(waypoint_origem.coordenadas, waypoint_destino.coordenadas);

                IF distancia <= raio_maximo THEN
                    INSERT INTO conexoes (waypoint_origem_id, waypoint_destino_id, distancia)
                    VALUES (waypoint_origem.id, waypoint_destino.id, distancia);
                    num_conexoes := num_conexoes + 1;
                END IF;
            END IF;
        END LOOP;
    END LOOP;

    -- Segundo: Conectar corredores e áreas de circulação aos destinos finais (usando a tabela destinos)
    FOR waypoint_origem IN SELECT id, coordenadas FROM waypoints WHERE tipo IN ('corredor', 'circulacao') LOOP
        FOR waypoint_destino IN SELECT waypoint_id AS id, (SELECT coordenadas FROM waypoints WHERE id = d.waypoint_id) AS coordenadas FROM destinos d LOOP
            distancia := ST_Distance(waypoint_origem.coordenadas, waypoint_destino.coordenadas);

            IF distancia <= raio_maximo THEN
                INSERT INTO conexoes (waypoint_origem_id, waypoint_destino_id, distancia)
                VALUES (waypoint_origem.id, waypoint_destino.id, distancia);
                num_conexoes := num_conexoes + 1;
            END IF;
        END LOOP;
    END LOOP;

    RETURN num_conexoes; -- Retorna o número de conexões inseridas
END;
$$;


ALTER FUNCTION public.preencher_conexoes_com_destinos(raio_maximo numeric) OWNER TO indoor;

--
-- Name: preencher_conexoes_otimizado(numeric); Type: FUNCTION; Schema: public; Owner: indoor
--

CREATE FUNCTION public.preencher_conexoes_otimizado(raio_maximo numeric) RETURNS void
    LANGUAGE plpgsql
    AS $$
DECLARE
    waypoint_origem RECORD;
    waypoint_destino RECORD;
    distancia NUMERIC;
BEGIN
    FOR waypoint_origem IN SELECT id, coordenadas FROM waypoints LOOP
        FOR waypoint_destino IN SELECT id, coordenadas FROM waypoints LOOP
            IF waypoint_origem.id <> waypoint_destino.id THEN
                distancia := ST_Distance(waypoint_origem.coordenadas, waypoint_destino.coordenadas);

                -- Verificar se a distância está dentro do raio máximo permitido
                IF distancia <= raio_maximo THEN
                    INSERT INTO conexoes (waypoint_origem_id, waypoint_destino_id, distancia)
                    VALUES (waypoint_origem.id, waypoint_destino.id, distancia);
                END IF;
            END IF;
        END LOOP;
    END LOOP;
END;
$$;


ALTER FUNCTION public.preencher_conexoes_otimizado(raio_maximo numeric) OWNER TO indoor;

--
-- Name: preencher_conexoes_segundo_andar(numeric); Type: FUNCTION; Schema: public; Owner: indoor
--

CREATE FUNCTION public.preencher_conexoes_segundo_andar(raio_maximo numeric) RETURNS integer
    LANGUAGE plpgsql
    AS $$
DECLARE
    waypoint_origem RECORD;
    waypoint_destino RECORD;
    distancia NUMERIC;
    num_conexoes INTEGER := 0;
BEGIN
    -- Primeiro: Conectar apenas corredores entre si
    FOR waypoint_origem IN SELECT id, coordenadas FROM waypoints WHERE tipo = 'corredor' AND andar_id = (SELECT id FROM andares WHERE bloco_id = 1 AND numero = 2) LOOP
        FOR waypoint_destino IN SELECT id, coordenadas FROM waypoints WHERE tipo = 'corredor' AND andar_id = (SELECT id FROM andares WHERE bloco_id = 1 AND numero = 2) LOOP
            IF waypoint_origem.id <> waypoint_destino.id THEN
                distancia := ST_Distance(waypoint_origem.coordenadas, waypoint_destino.coordenadas);

                IF distancia <= raio_maximo THEN
                    INSERT INTO conexoes (waypoint_origem_id, waypoint_destino_id, distancia)
                    VALUES (waypoint_origem.id, waypoint_destino.id, distancia);
                    num_conexoes := num_conexoes + 1;
                END IF;
            END IF;
        END LOOP;
    END LOOP;

    -- Segundo: Conectar corredores aos destinos finais (do 2º andar)
    FOR waypoint_origem IN SELECT id, coordenadas FROM waypoints WHERE tipo = 'corredor' AND andar_id = (SELECT id FROM andares WHERE bloco_id = 1 AND numero = 2) LOOP
        FOR waypoint_destino IN SELECT waypoint_id AS id, (SELECT coordenadas FROM waypoints WHERE id = d.waypoint_id) AS coordenadas 
                                FROM destinos d 
                                WHERE waypoint_id IN (SELECT id FROM waypoints WHERE andar_id = (SELECT id FROM andares WHERE bloco_id = 1 AND numero = 2)) LOOP
            distancia := ST_Distance(waypoint_origem.coordenadas, waypoint_destino.coordenadas);

            IF distancia <= raio_maximo THEN
                INSERT INTO conexoes (waypoint_origem_id, waypoint_destino_id, distancia)
                VALUES (waypoint_origem.id, waypoint_destino.id, distancia);
                num_conexoes := num_conexoes + 1;
            END IF;
        END LOOP;
    END LOOP;

    -- Terceiro: Conectar corredores com áreas de circulação, se houver
    FOR waypoint_origem IN SELECT id, coordenadas FROM waypoints WHERE tipo = 'corredor' AND andar_id = (SELECT id FROM andares WHERE bloco_id = 1 AND numero = 2) LOOP
        FOR waypoint_destino IN SELECT id, coordenadas FROM waypoints WHERE tipo = 'circulacao' AND andar_id = (SELECT id FROM andares WHERE bloco_id = 1 AND numero = 2) LOOP
            distancia := ST_Distance(waypoint_origem.coordenadas, waypoint_destino.coordenadas);

            IF distancia <= raio_maximo THEN
                INSERT INTO conexoes (waypoint_origem_id, waypoint_destino_id, distancia)
                VALUES (waypoint_origem.id, waypoint_destino.id, distancia);
                num_conexoes := num_conexoes + 1;
            END IF;
        END LOOP;
    END LOOP;

    RETURN num_conexoes; -- Retorna o número de conexões inseridas
END;
$$;


ALTER FUNCTION public.preencher_conexoes_segundo_andar(raio_maximo numeric) OWNER TO indoor;

SET default_tablespace = '';

SET default_table_access_method = heap;

--
-- Name: andares; Type: TABLE; Schema: public; Owner: postgres
--

CREATE TABLE public.andares (
    id integer NOT NULL,
    bloco_id integer,
    numero integer NOT NULL,
    nome character varying(50),
    altitude numeric(6,2) NOT NULL,
    altitude_min numeric(6,2),
    altitude_max numeric(6,2)
);


ALTER TABLE public.andares OWNER TO postgres;

--
-- Name: andares_id_seq; Type: SEQUENCE; Schema: public; Owner: postgres
--

CREATE SEQUENCE public.andares_id_seq
    AS integer
    START WITH 1
    INCREMENT BY 1
    NO MINVALUE
    NO MAXVALUE
    CACHE 1;


ALTER TABLE public.andares_id_seq OWNER TO postgres;

--
-- Name: andares_id_seq; Type: SEQUENCE OWNED BY; Schema: public; Owner: postgres
--

ALTER SEQUENCE public.andares_id_seq OWNED BY public.andares.id;


--
-- Name: blocos; Type: TABLE; Schema: public; Owner: postgres
--

CREATE TABLE public.blocos (
    id integer NOT NULL,
    nome character varying(100) NOT NULL,
    descricao text,
    latitude numeric(10,8),
    longitude numeric(11,8)
);


ALTER TABLE public.blocos OWNER TO postgres;

--
-- Name: blocos_id_seq; Type: SEQUENCE; Schema: public; Owner: postgres
--

CREATE SEQUENCE public.blocos_id_seq
    AS integer
    START WITH 1
    INCREMENT BY 1
    NO MINVALUE
    NO MAXVALUE
    CACHE 1;


ALTER TABLE public.blocos_id_seq OWNER TO postgres;

--
-- Name: blocos_id_seq; Type: SEQUENCE OWNED BY; Schema: public; Owner: postgres
--

ALTER SEQUENCE public.blocos_id_seq OWNED BY public.blocos.id;


--
-- Name: conexoes; Type: TABLE; Schema: public; Owner: indoor
--

CREATE TABLE public.conexoes (
    id integer NOT NULL,
    waypoint_origem_id integer,
    waypoint_destino_id integer,
    distancia numeric(10,2)
);


ALTER TABLE public.conexoes OWNER TO indoor;

--
-- Name: conexoes_id_seq; Type: SEQUENCE; Schema: public; Owner: indoor
--

CREATE SEQUENCE public.conexoes_id_seq
    AS integer
    START WITH 1
    INCREMENT BY 1
    NO MINVALUE
    NO MAXVALUE
    CACHE 1;


ALTER TABLE public.conexoes_id_seq OWNER TO indoor;

--
-- Name: conexoes_id_seq; Type: SEQUENCE OWNED BY; Schema: public; Owner: indoor
--

ALTER SEQUENCE public.conexoes_id_seq OWNED BY public.conexoes.id;


--
-- Name: destinos; Type: TABLE; Schema: public; Owner: postgres
--

CREATE TABLE public.destinos (
    id integer NOT NULL,
    nome character varying(100) NOT NULL,
    descricao text,
    waypoint_id integer,
    tipo character varying(50),
    horariofuncionamento character varying(20)
);


ALTER TABLE public.destinos OWNER TO postgres;

--
-- Name: destinos_id_seq; Type: SEQUENCE; Schema: public; Owner: postgres
--

CREATE SEQUENCE public.destinos_id_seq
    AS integer
    START WITH 1
    INCREMENT BY 1
    NO MINVALUE
    NO MAXVALUE
    CACHE 1;


ALTER TABLE public.destinos_id_seq OWNER TO postgres;

--
-- Name: destinos_id_seq; Type: SEQUENCE OWNED BY; Schema: public; Owner: postgres
--

ALTER SEQUENCE public.destinos_id_seq OWNED BY public.destinos.id;


--
-- Name: usuarios; Type: TABLE; Schema: public; Owner: indoor
--

CREATE TABLE public.usuarios (
    id integer NOT NULL,
    sessao_id character varying(50),
    data_criacao timestamp without time zone DEFAULT now(),
    ultima_localizacao public.geography(Point,4326),
    preferencias jsonb,
    dados_analiticos jsonb
);


ALTER TABLE public.usuarios OWNER TO indoor;

--
-- Name: usuarios_id_seq; Type: SEQUENCE; Schema: public; Owner: indoor
--

CREATE SEQUENCE public.usuarios_id_seq
    AS integer
    START WITH 1
    INCREMENT BY 1
    NO MINVALUE
    NO MAXVALUE
    CACHE 1;


ALTER TABLE public.usuarios_id_seq OWNER TO indoor;

--
-- Name: usuarios_id_seq; Type: SEQUENCE OWNED BY; Schema: public; Owner: indoor
--

ALTER SEQUENCE public.usuarios_id_seq OWNED BY public.usuarios.id;


--
-- Name: waypoints; Type: TABLE; Schema: public; Owner: postgres
--

CREATE TABLE public.waypoints (
    id integer NOT NULL,
    nome character varying(100),
    descricao text,
    tipo character varying(50),
    bloco_id integer,
    andar_id integer,
    coordenadas public.geography(Point,4326) NOT NULL
);


ALTER TABLE public.waypoints OWNER TO postgres;

--
-- Name: waypoints_id_seq; Type: SEQUENCE; Schema: public; Owner: postgres
--

CREATE SEQUENCE public.waypoints_id_seq
    AS integer
    START WITH 1
    INCREMENT BY 1
    NO MINVALUE
    NO MAXVALUE
    CACHE 1;


ALTER TABLE public.waypoints_id_seq OWNER TO postgres;

--
-- Name: waypoints_id_seq; Type: SEQUENCE OWNED BY; Schema: public; Owner: postgres
--

ALTER SEQUENCE public.waypoints_id_seq OWNED BY public.waypoints.id;


--
-- Name: andares id; Type: DEFAULT; Schema: public; Owner: postgres
--

ALTER TABLE ONLY public.andares ALTER COLUMN id SET DEFAULT nextval('public.andares_id_seq'::regclass);


--
-- Name: blocos id; Type: DEFAULT; Schema: public; Owner: postgres
--

ALTER TABLE ONLY public.blocos ALTER COLUMN id SET DEFAULT nextval('public.blocos_id_seq'::regclass);


--
-- Name: conexoes id; Type: DEFAULT; Schema: public; Owner: indoor
--

ALTER TABLE ONLY public.conexoes ALTER COLUMN id SET DEFAULT nextval('public.conexoes_id_seq'::regclass);


--
-- Name: destinos id; Type: DEFAULT; Schema: public; Owner: postgres
--

ALTER TABLE ONLY public.destinos ALTER COLUMN id SET DEFAULT nextval('public.destinos_id_seq'::regclass);


--
-- Name: usuarios id; Type: DEFAULT; Schema: public; Owner: indoor
--

ALTER TABLE ONLY public.usuarios ALTER COLUMN id SET DEFAULT nextval('public.usuarios_id_seq'::regclass);


--
-- Name: waypoints id; Type: DEFAULT; Schema: public; Owner: postgres
--

ALTER TABLE ONLY public.waypoints ALTER COLUMN id SET DEFAULT nextval('public.waypoints_id_seq'::regclass);


--
-- Data for Name: andares; Type: TABLE DATA; Schema: public; Owner: postgres
--

COPY public.andares (id, bloco_id, numero, nome, altitude, altitude_min, altitude_max) FROM stdin;
1	1	1	Térreo	0.00	0.00	2.99
2	1	2	Segundo Andar	6.50	5.00	8.00
\.


--
-- Data for Name: blocos; Type: TABLE DATA; Schema: public; Owner: postgres
--

COPY public.blocos (id, nome, descricao, latitude, longitude) FROM stdin;
1	Bloco 1	Bloco 1	-24.94633537	-53.50875386
\.


--
-- Data for Name: conexoes; Type: TABLE DATA; Schema: public; Owner: indoor
--

COPY public.conexoes (id, waypoint_origem_id, waypoint_destino_id, distancia) FROM stdin;
1	1	37	17.09
2	1	40	18.77
3	1	41	15.69
4	1	42	11.27
5	1	43	8.93
6	1	44	6.53
7	1	45	5.33
8	1	46	5.55
9	1	47	6.94
10	1	48	8.94
11	1	49	11.29
12	1	50	14.09
13	1	51	19.86
14	1	52	16.57
15	1	53	13.52
16	1	54	19.89
17	1	55	17.08
18	1	56	14.06
19	1	60	19.19
20	1	61	15.54
21	1	63	18.61
22	1	64	15.40
23	1	65	11.44
24	1	66	8.08
25	1	67	10.28
26	1	68	7.06
27	1	69	4.03
28	1	70	5.47
29	1	71	1.53
30	1	72	4.06
31	1	73	1.18
32	1	74	4.25
33	1	75	4.26
34	1	76	7.54
35	1	77	10.88
36	1	78	12.91
37	1	79	13.62
38	1	80	5.97
39	1	81	8.66
40	1	82	11.50
41	1	83	13.55
42	33	34	8.46
43	33	35	16.85
44	33	36	3.67
45	33	37	6.98
46	33	47	17.95
47	33	48	15.47
48	33	49	12.87
49	33	50	10.00
50	33	51	9.18
51	33	52	10.67
52	33	53	12.74
53	33	54	16.07
54	33	55	16.24
55	33	56	16.84
56	33	65	17.93
57	33	67	15.23
58	33	68	17.79
59	33	89	18.08
60	33	90	15.64
61	33	91	13.21
62	33	92	10.94
63	33	93	7.96
64	33	94	5.05
65	33	95	2.66
66	33	96	2.73
67	33	97	5.74
68	33	98	11.44
69	33	99	14.05
70	33	100	2.83
71	33	101	6.44
72	33	102	9.53
73	33	103	12.28
74	33	104	13.35
75	33	105	14.81
76	33	106	16.36
77	33	107	19.33
78	34	33	8.46
79	34	35	8.70
80	34	36	9.08
81	34	37	10.51
82	34	47	19.66
83	34	48	17.24
84	34	49	14.80
85	34	50	12.46
86	34	51	4.13
87	34	52	7.41
88	34	53	10.47
89	34	54	9.04
90	34	55	10.38
91	34	56	12.31
92	34	65	14.43
93	34	66	17.71
94	34	67	13.71
95	34	68	16.91
96	34	69	19.95
97	34	92	18.90
98	34	93	16.05
99	34	94	13.29
100	34	95	10.94
101	34	96	5.76
102	34	97	2.73
103	34	98	3.07
104	34	99	5.83
105	34	100	6.87
106	34	101	5.46
107	34	102	6.22
108	34	103	7.88
109	34	104	6.44
110	34	105	6.64
111	34	106	7.91
112	34	107	11.22
113	34	108	15.16
114	34	109	18.88
115	35	33	16.85
116	35	34	8.70
117	35	36	16.40
118	35	37	16.39
119	35	48	19.93
120	35	49	18.21
121	35	50	16.97
122	35	51	8.38
123	35	52	9.75
124	35	53	11.67
125	35	54	3.84
126	35	55	6.65
127	35	56	9.69
128	35	65	12.34
129	35	66	15.90
130	35	67	14.23
131	35	68	17.13
132	35	69	19.85
133	35	70	19.11
134	35	95	19.08
135	35	96	14.28
136	35	97	11.31
137	35	98	5.65
138	35	99	2.87
139	35	100	15.55
140	35	101	13.76
141	35	102	13.12
142	35	103	13.10
143	35	104	9.38
144	35	105	6.07
145	35	106	3.12
146	35	107	2.53
147	35	108	6.64
148	35	109	10.58
149	35	110	14.39
150	35	111	18.38
151	36	33	3.67
152	36	34	9.08
153	36	35	16.40
154	36	37	3.32
155	36	45	19.45
156	36	46	16.83
157	36	47	14.28
158	36	48	11.80
159	36	49	9.21
160	36	50	6.35
161	36	51	8.08
162	36	52	8.43
163	36	53	9.87
164	36	54	14.81
165	36	55	14.37
166	36	56	14.39
167	36	65	15.09
168	36	66	17.05
169	36	67	11.98
170	36	68	14.33
171	36	69	16.95
172	36	70	19.38
173	36	71	19.04
174	36	88	19.69
175	36	89	16.76
176	36	90	14.40
177	36	91	12.13
178	36	92	10.03
179	36	93	7.40
180	36	94	5.19
181	36	95	3.65
182	36	96	4.76
183	36	97	6.76
184	36	98	11.61
185	36	99	13.85
186	36	100	6.01
187	36	101	9.16
188	36	102	12.12
189	36	103	14.79
190	36	104	15.03
191	36	105	15.73
192	36	106	16.61
193	36	107	18.74
194	37	1	17.09
195	37	33	6.98
196	37	34	10.51
197	37	35	16.39
198	37	36	3.32
199	37	44	19.10
200	37	45	16.19
201	37	46	13.56
202	37	47	10.99
203	37	48	8.49
204	37	49	5.89
205	37	50	3.02
206	37	51	8.14
207	37	52	7.15
208	37	53	7.59
209	37	54	14.09
210	37	55	13.04
211	37	56	12.42
212	37	65	12.64
213	37	66	14.18
214	37	67	9.12
215	37	68	11.19
216	37	69	13.71
217	37	70	16.31
218	37	71	15.74
219	37	72	18.40
220	37	73	18.08
221	37	88	19.27
222	37	89	16.51
223	37	90	14.35
224	37	91	12.37
225	37	92	10.62
226	37	93	8.65
227	37	94	7.37
228	37	95	6.60
229	37	96	7.61
230	37	97	8.77
231	37	98	12.42
232	37	99	14.18
233	37	100	9.14
234	37	101	11.93
235	37	102	14.70
236	37	103	17.24
237	37	104	16.86
238	37	105	16.93
239	37	106	17.20
240	37	107	18.50
241	38	39	3.46
242	38	40	7.43
243	38	41	10.57
244	38	42	15.39
245	38	43	18.09
246	38	57	8.55
247	38	58	16.81
248	38	59	16.49
249	38	60	16.22
250	38	61	16.90
251	38	62	9.40
252	38	63	10.63
253	38	64	12.55
254	38	76	19.00
255	38	77	16.14
256	38	78	14.50
257	38	79	12.86
258	38	82	18.95
259	38	83	17.83
260	38	128	14.48
261	38	129	11.35
262	38	130	15.34
263	38	131	13.69
264	38	132	12.60
265	38	133	9.52
266	38	134	5.12
267	38	135	4.41
268	38	136	3.87
269	38	137	6.71
270	38	138	10.98
271	38	139	15.02
272	38	140	19.49
273	39	38	3.46
274	39	40	3.99
275	39	41	7.12
276	39	42	11.97
277	39	43	14.66
278	39	44	18.05
279	39	57	8.88
280	39	58	16.16
281	39	59	15.11
282	39	60	14.21
283	39	61	14.28
284	39	62	8.12
285	39	63	8.20
286	39	64	9.54
287	39	75	18.64
288	39	76	15.58
289	39	77	12.82
290	39	78	11.27
291	39	79	9.43
292	39	81	18.20
293	39	82	15.90
294	39	83	14.97
295	39	127	19.10
296	39	128	13.99
297	39	129	11.13
298	39	130	15.34
299	39	131	14.39
300	39	132	14.01
301	39	133	11.50
302	39	134	7.64
303	39	135	5.53
304	39	136	4.53
305	39	137	6.63
306	39	138	10.37
307	39	139	14.21
308	39	140	18.48
309	40	1	18.77
310	40	38	7.43
311	40	39	3.99
312	40	41	3.13
313	40	42	7.98
314	40	43	10.68
315	40	44	14.07
316	40	45	17.03
317	40	46	19.71
318	40	57	11.13
319	40	58	16.81
320	40	59	14.93
321	40	60	13.20
322	40	61	12.28
323	40	62	8.84
324	40	63	7.16
325	40	64	7.08
326	40	73	17.61
327	40	74	19.25
328	40	75	14.79
329	40	76	11.85
330	40	77	9.38
331	40	78	8.16
332	40	79	5.45
333	40	80	16.76
334	40	81	14.92
335	40	82	13.01
336	40	83	12.48
337	40	127	19.18
338	40	128	14.95
339	40	129	12.62
340	40	130	16.75
341	40	131	16.52
342	40	132	16.76
343	40	133	14.77
344	40	134	11.35
345	40	135	8.80
346	40	136	7.25
347	40	137	8.10
348	40	138	10.57
349	40	139	13.78
350	40	140	17.58
351	41	1	15.69
352	41	38	10.57
353	41	39	7.12
354	41	40	3.13
355	41	42	4.87
356	41	43	7.56
357	41	44	10.96
358	41	45	13.91
359	41	46	16.59
360	41	47	19.21
361	41	57	13.42
362	41	58	17.86
363	41	59	15.44
364	41	60	13.13
365	41	61	11.37
366	41	62	10.42
367	41	63	7.74
368	41	64	6.26
369	41	69	19.56
370	41	71	17.13
371	41	72	18.34
372	41	73	14.55
373	41	74	16.42
374	41	75	11.81
375	41	76	9.03
376	41	77	7.02
377	41	78	6.35
378	41	79	2.36
379	41	80	14.09
380	41	81	12.58
381	41	82	11.15
382	41	83	11.08
383	41	127	19.74
384	41	128	16.29
385	41	129	14.40
386	41	130	18.33
387	41	131	18.58
388	41	132	19.18
389	41	133	17.51
390	41	134	14.36
391	41	135	11.65
392	41	136	10.03
393	41	137	10.30
394	41	138	11.80
395	41	139	14.32
396	41	140	17.57
397	42	1	11.27
398	42	38	15.39
399	42	39	11.97
400	42	40	7.98
401	42	41	4.87
402	42	43	2.70
403	42	44	6.09
404	42	45	9.04
405	42	46	11.73
406	42	47	14.34
407	42	48	16.86
408	42	49	19.46
409	42	57	17.80
410	42	59	17.92
411	42	60	15.05
412	42	61	12.26
413	42	62	14.33
414	42	63	11.02
415	42	64	8.35
416	42	66	19.35
417	42	68	17.73
418	42	69	14.97
419	42	70	16.60
420	42	71	12.62
421	42	72	14.39
422	42	73	10.19
423	42	74	12.79
424	42	75	7.85
425	42	76	5.97
426	42	77	6.00
427	42	78	6.83
428	42	79	2.53
429	42	80	11.04
430	42	81	10.50
431	42	82	10.34
432	42	83	11.18
433	42	128	19.69
434	42	129	18.31
435	42	134	19.20
436	42	135	16.44
437	42	136	14.43
438	42	137	14.09
439	42	138	14.36
440	42	139	15.77
441	42	140	17.97
442	43	1	8.93
443	43	38	18.09
444	43	39	14.66
445	43	40	10.68
446	43	41	7.56
447	43	42	2.70
448	43	44	3.40
449	43	45	6.35
450	43	46	9.03
451	43	47	11.65
452	43	48	14.16
453	43	49	16.78
454	43	50	19.57
455	43	59	19.57
456	43	60	16.51
457	43	61	13.37
458	43	62	16.64
459	43	63	13.19
460	43	64	10.25
461	43	66	16.96
462	43	67	18.19
463	43	68	15.13
464	43	69	12.44
465	43	70	14.37
466	43	71	10.18
467	43	72	12.37
468	43	73	7.92
469	43	74	11.05
470	43	75	6.10
471	43	76	5.38
472	43	77	6.86
473	43	78	8.28
474	43	79	5.23
475	43	80	9.84
476	43	81	10.04
477	43	82	10.70
478	43	83	11.96
479	43	135	19.08
480	43	136	17.03
481	43	137	16.50
482	43	138	16.35
483	43	139	17.26
484	43	140	18.89
485	44	1	6.53
486	44	37	19.10
487	44	39	18.05
488	44	40	14.07
489	44	41	10.96
490	44	42	6.09
491	44	43	3.40
492	44	45	2.95
493	44	46	5.63
494	44	47	8.25
495	44	48	10.77
496	44	49	13.38
497	44	50	16.18
498	44	53	17.95
499	44	56	19.69
500	44	60	18.87
501	44	61	15.47
502	44	62	19.76
503	44	63	16.21
504	44	64	13.13
505	44	65	17.22
506	44	66	14.22
507	44	67	14.96
508	44	68	11.99
509	44	69	9.51
510	44	70	11.96
511	44	71	7.50
512	44	72	10.43
513	44	73	5.80
514	44	74	9.69
515	44	75	5.40
516	44	76	6.56
517	44	77	9.16
518	44	78	10.91
519	44	79	8.62
520	44	80	9.45
521	44	81	10.64
522	44	82	12.17
523	44	83	13.80
524	44	137	19.58
525	44	138	19.00
526	44	139	19.37
527	45	1	5.33
528	45	36	19.45
529	45	37	16.19
530	45	40	17.03
531	45	41	13.91
532	45	42	9.04
533	45	43	6.35
534	45	44	2.95
535	45	46	2.68
536	45	47	5.30
537	45	48	7.82
538	45	49	10.44
539	45	50	13.25
540	45	52	17.91
541	45	53	15.11
542	45	56	17.15
543	45	61	17.58
544	45	63	18.92
545	45	64	15.77
546	45	65	14.77
547	45	66	12.05
548	45	67	12.20
549	45	68	9.38
550	45	69	7.24
551	45	70	10.27
552	45	71	5.74
553	45	72	9.37
554	45	73	5.13
555	45	74	9.32
556	45	75	6.32
557	45	76	8.56
558	45	77	11.56
559	45	78	13.44
560	45	79	11.57
561	45	80	10.00
562	45	81	11.88
563	45	82	13.96
564	45	83	15.77
565	46	1	5.55
566	46	36	16.83
567	46	37	13.56
568	46	40	19.71
569	46	41	16.59
570	46	42	11.73
571	46	43	9.03
572	46	44	5.63
573	46	45	2.68
574	46	47	2.62
575	46	48	5.14
576	46	49	7.77
577	46	50	10.60
578	46	51	18.39
579	46	52	15.31
580	46	53	12.58
581	46	55	17.75
582	46	56	14.98
583	46	61	19.70
584	46	64	18.27
585	46	65	12.76
586	46	66	10.44
587	46	67	9.81
588	46	68	7.24
589	46	69	5.75
590	46	70	9.31
591	46	71	5.21
592	46	72	9.18
593	46	73	5.92
594	46	74	9.80
595	46	75	8.08
596	46	76	10.78
597	46	77	13.94
598	46	78	15.88
599	46	79	14.26
600	46	80	11.20
601	46	81	13.50
602	46	82	15.90
603	46	83	17.81
604	46	89	19.60
605	46	90	18.85
606	46	91	18.54
607	46	92	18.41
608	46	93	18.60
609	46	94	19.21
610	46	95	19.55
611	47	1	6.94
612	47	33	17.95
613	47	34	19.66
614	47	36	14.28
615	47	37	10.99
616	47	41	19.21
617	47	42	14.34
618	47	43	11.65
619	47	44	8.25
620	47	45	5.30
621	47	46	2.62
622	47	48	2.53
623	47	49	5.16
624	47	50	8.00
625	47	51	15.87
626	47	52	12.84
627	47	53	10.23
628	47	54	18.23
629	47	55	15.74
630	47	56	13.13
631	47	65	11.15
632	47	66	9.46
633	47	67	7.72
634	47	68	5.73
635	47	69	5.42
636	47	70	9.18
637	47	71	6.04
638	47	72	9.83
639	47	73	7.65
640	47	74	10.99
641	47	75	10.24
642	47	76	13.16
643	47	77	16.39
644	47	78	18.36
645	47	79	16.87
646	47	80	12.88
647	47	81	15.44
648	47	82	18.04
649	47	89	18.70
650	47	90	17.66
651	47	91	17.04
652	47	92	16.65
653	47	93	16.54
654	47	94	16.91
655	47	95	17.10
656	47	96	18.43
657	47	97	18.85
658	48	1	8.94
659	48	33	15.47
660	48	34	17.24
661	48	35	19.93
662	48	36	11.80
663	48	37	8.49
664	48	42	16.86
665	48	43	14.16
666	48	44	10.77
667	48	45	7.82
668	48	46	5.14
669	48	47	2.53
670	48	49	2.63
671	48	50	5.49
672	48	51	13.53
673	48	52	10.63
674	48	53	8.26
675	48	54	16.46
676	48	55	14.14
677	48	56	11.80
678	48	65	10.21
679	48	66	9.35
680	48	67	6.29
681	48	68	5.38
682	48	69	6.39
683	48	70	9.93
684	48	71	7.78
685	48	72	11.19
686	48	73	9.80
687	48	74	12.70
688	48	75	12.57
689	48	76	15.58
690	48	77	18.85
691	48	79	19.38
692	48	80	14.89
693	48	81	17.58
694	48	88	19.89
695	48	89	17.95
696	48	90	16.62
697	48	91	15.70
698	48	92	15.03
699	48	93	14.58
700	48	94	14.69
701	48	95	14.72
702	48	96	15.91
703	48	97	16.35
704	48	98	18.03
705	48	99	18.71
706	48	100	17.56
707	49	1	11.29
708	49	33	12.87
709	49	34	14.80
710	49	35	18.21
711	49	36	9.21
712	49	37	5.89
713	49	42	19.46
714	49	43	16.78
715	49	44	13.38
716	49	45	10.44
717	49	46	7.77
718	49	47	5.16
719	49	48	2.63
720	49	50	2.87
721	49	51	11.26
722	49	52	8.59
723	49	53	6.72
724	49	54	14.96
725	49	55	12.92
726	49	56	11.00
727	49	65	9.96
728	49	66	10.04
729	49	67	5.80
730	49	68	6.31
731	49	69	8.22
732	49	70	11.37
733	49	71	10.01
734	49	72	13.06
735	49	73	12.24
736	49	74	14.80
737	49	75	15.10
738	49	76	18.16
739	49	80	17.18
740	49	81	19.96
741	49	88	19.64
742	49	89	17.40
743	49	90	15.79
744	49	91	14.52
745	49	92	13.53
746	49	93	12.66
747	49	94	12.42
748	49	95	12.26
749	49	96	13.28
750	49	97	13.78
751	49	98	15.81
752	49	99	16.73
753	49	100	14.93
754	49	101	17.41
755	49	102	19.94
756	49	106	19.89
757	49	107	19.79
758	50	1	14.09
759	50	33	10.00
760	50	34	12.46
761	50	35	16.97
762	50	36	6.35
763	50	37	3.02
764	50	43	19.57
765	50	44	16.18
766	50	45	13.25
767	50	46	10.60
768	50	47	8.00
769	50	48	5.49
770	50	49	2.87
771	50	51	9.31
772	50	52	7.23
773	50	53	6.40
774	50	54	14.12
775	50	55	12.51
776	50	56	11.21
777	50	65	10.84
778	50	66	11.78
779	50	67	6.91
780	50	68	8.46
781	50	69	10.80
782	50	70	13.61
783	50	71	12.76
784	50	72	15.56
785	50	73	15.06
786	50	74	17.43
787	50	75	17.95
788	50	80	19.92
789	50	88	19.36
790	50	89	16.84
791	50	90	14.94
792	50	91	13.31
793	50	92	11.95
794	50	93	10.58
795	50	94	9.91
796	50	95	9.50
797	50	96	10.45
798	50	97	11.17
799	50	98	13.85
800	50	99	15.15
801	50	100	12.08
802	50	101	14.66
803	50	102	17.28
804	50	103	19.71
805	50	104	18.90
806	50	105	18.49
807	50	106	18.28
808	50	107	18.82
809	51	1	19.86
810	51	33	9.18
811	51	34	4.13
812	51	35	8.38
813	51	36	8.08
814	51	37	8.14
815	51	46	18.39
816	51	47	15.87
817	51	48	13.53
818	51	49	11.26
819	51	50	9.31
820	51	52	3.29
821	51	53	6.35
822	51	54	6.91
823	51	55	7.23
824	51	56	8.56
825	51	65	10.46
826	51	66	13.64
827	51	67	9.60
828	51	68	12.80
829	51	69	15.84
830	51	70	16.74
831	51	71	18.33
832	51	72	19.46
833	51	92	18.04
834	51	93	15.48
835	51	94	13.12
836	51	95	11.06
837	51	96	7.09
838	51	97	4.93
839	51	98	4.57
840	51	99	6.05
841	51	100	8.84
842	51	101	8.90
843	51	102	10.27
844	51	103	12.00
845	51	104	10.14
846	51	105	9.22
847	51	106	9.09
848	51	107	10.66
849	51	108	13.87
850	51	109	17.13
851	52	1	16.57
852	52	33	10.67
853	52	34	7.41
854	52	35	9.75
855	52	36	8.43
856	52	37	7.15
857	52	45	17.91
858	52	46	15.31
859	52	47	12.84
860	52	48	10.63
861	52	49	8.59
862	52	50	7.23
863	52	51	3.29
864	52	53	3.06
865	52	54	7.00
866	52	55	5.98
867	52	56	6.17
868	52	65	7.56
869	52	66	10.51
870	52	67	6.31
871	52	68	9.51
872	52	69	12.55
873	52	70	13.54
874	52	71	15.04
875	52	72	16.23
876	52	73	17.73
877	52	74	18.53
878	52	91	19.52
879	52	92	17.72
880	52	93	15.51
881	52	94	13.60
882	52	95	11.94
883	52	96	9.20
884	52	97	7.77
885	52	98	7.49
886	52	99	8.14
887	52	100	11.09
888	52	101	11.86
889	52	102	13.49
890	52	103	15.29
891	52	104	13.35
892	52	105	12.06
893	52	106	11.30
894	52	107	11.60
895	52	108	13.97
896	52	109	16.64
897	52	110	19.66
898	53	1	13.52
899	53	33	12.74
900	53	34	10.47
901	53	35	11.67
902	53	36	9.87
903	53	37	7.59
904	53	44	17.95
905	53	45	15.11
906	53	46	12.58
907	53	47	10.23
908	53	48	8.26
909	53	49	6.72
910	53	50	6.40
911	53	51	6.35
912	53	52	3.06
913	53	54	8.27
914	53	55	6.23
915	53	56	4.87
916	53	65	5.23
917	53	66	7.68
918	53	67	3.25
919	53	68	6.46
920	53	69	9.50
921	53	70	10.58
922	53	71	12.00
923	53	72	13.22
924	53	73	14.69
925	53	74	15.50
926	53	75	17.78
927	53	80	18.43
928	53	91	19.60
929	53	92	18.06
930	53	93	16.24
931	53	94	14.80
932	53	95	13.51
933	53	96	11.71
934	53	97	10.67
935	53	98	10.38
936	53	99	10.60
937	53	100	13.62
938	53	101	14.76
939	53	102	16.52
940	53	103	18.35
941	53	104	16.34
942	53	105	14.84
943	53	106	13.69
944	53	107	13.10
945	53	108	14.64
946	53	109	16.68
947	53	110	19.26
948	54	1	19.89
949	54	33	16.07
950	54	34	9.04
951	54	35	3.84
952	54	36	14.81
953	54	37	14.09
954	54	47	18.23
955	54	48	16.46
956	54	49	14.96
957	54	50	14.12
958	54	51	6.91
959	54	52	7.00
960	54	53	8.27
961	54	55	2.82
962	54	56	5.85
963	54	65	8.51
964	54	66	12.08
965	54	67	10.55
966	54	68	13.35
967	54	69	16.03
968	54	70	15.30
969	54	71	18.44
970	54	72	18.11
971	54	94	19.95
972	54	95	17.95
973	54	96	13.81
974	54	97	11.17
975	54	98	6.58
976	54	99	4.56
977	54	100	15.41
978	54	101	14.49
979	54	102	14.66
980	54	103	15.29
981	54	104	11.96
982	54	105	9.11
983	54	106	6.68
984	54	107	4.83
985	54	108	7.06
986	54	109	10.22
987	54	110	13.69
988	54	111	17.41
989	55	1	17.08
990	55	33	16.24
991	55	34	10.38
992	55	35	6.65
993	55	36	14.37
994	55	37	13.04
995	55	46	17.75
996	55	47	15.74
997	55	48	14.14
998	55	49	12.92
999	55	50	12.51
1000	55	51	7.23
1001	55	52	5.98
1002	55	53	6.23
1003	55	54	2.82
1004	55	56	3.03
1005	55	65	5.69
1006	55	66	9.26
1007	55	67	8.01
1008	55	68	10.64
1009	55	69	13.25
1010	55	70	12.50
1011	55	71	15.64
1012	55	72	15.30
1013	55	73	18.25
1014	55	74	17.65
1015	55	94	19.55
1016	55	95	17.78
1017	55	96	14.30
1018	55	97	12.04
1019	55	98	8.50
1020	55	99	7.04
1021	55	100	16.06
1022	55	101	15.76
1023	55	102	16.41
1024	55	103	17.38
1025	55	104	14.31
1026	55	105	11.70
1027	55	106	9.46
1028	55	107	7.33
1029	55	108	8.41
1030	55	109	10.70
1031	55	110	13.69
1032	55	111	17.05
1033	56	1	14.06
1034	56	33	16.84
1035	56	34	12.31
1036	56	35	9.69
1037	56	36	14.39
1038	56	37	12.42
1039	56	44	19.69
1040	56	45	17.15
1041	56	46	14.98
1042	56	47	13.13
1043	56	48	11.80
1044	56	49	11.00
1045	56	50	11.21
1046	56	51	8.56
1047	56	52	6.17
1048	56	53	4.87
1049	56	54	5.85
1050	56	55	3.03
1051	56	65	2.66
1052	56	66	6.25
1053	56	67	5.52
1054	56	68	7.78
1055	56	69	10.26
1056	56	70	9.50
1057	56	71	12.63
1058	56	72	12.32
1059	56	73	15.22
1060	56	74	14.67
1061	56	75	18.15
1062	56	80	17.70
1063	56	94	19.47
1064	56	95	17.98
1065	56	96	15.30
1066	56	97	13.48
1067	56	98	10.94
1068	56	99	9.89
1069	56	100	17.16
1070	56	101	17.45
1071	56	102	18.51
1072	56	103	19.77
1073	56	104	16.94
1074	56	105	14.55
1075	56	106	12.46
1076	56	107	10.23
1077	56	108	10.60
1078	56	109	12.06
1079	56	110	14.42
1080	56	111	17.29
1081	57	38	8.55
1082	57	39	8.88
1083	57	40	11.13
1084	57	41	13.42
1085	57	42	17.80
1086	57	58	8.56
1087	57	59	9.26
1088	57	60	10.40
1089	57	61	12.73
1090	57	62	4.11
1091	57	63	7.70
1092	57	64	10.90
1093	57	76	18.77
1094	57	77	15.42
1095	57	78	13.40
1096	57	79	15.59
1097	57	81	19.27
1098	57	82	16.21
1099	57	83	14.41
1100	57	125	17.64
1101	57	126	15.05
1102	57	127	12.12
1103	57	128	6.19
1104	57	129	3.02
1105	57	130	6.79
1106	57	131	5.52
1107	57	132	5.79
1108	57	133	5.17
1109	57	134	5.72
1110	57	135	4.17
1111	57	136	12.26
1112	57	137	14.97
1113	57	138	19.06
1114	58	38	16.81
1115	58	39	16.16
1116	58	40	16.81
1117	58	41	17.86
1118	58	57	8.56
1119	58	59	3.61
1120	58	60	6.87
1121	58	61	10.52
1122	58	62	8.12
1123	58	63	10.13
1124	58	64	12.53
1125	58	76	19.25
1126	58	77	16.22
1127	58	78	14.48
1128	58	79	19.40
1129	58	81	17.63
1130	58	82	14.59
1131	58	83	12.52
1132	58	122	18.85
1133	58	123	16.19
1134	58	124	12.77
1135	58	125	9.38
1136	58	126	6.71
1137	58	127	3.69
1138	58	128	2.37
1139	58	129	5.55
1140	58	130	3.23
1141	58	131	6.44
1142	58	132	9.43
1143	58	133	11.87
1144	58	134	14.18
1145	58	135	12.61
1146	59	38	16.49
1147	59	39	15.11
1148	59	40	14.93
1149	59	41	15.44
1150	59	42	17.92
1151	59	43	19.57
1152	59	57	9.26
1153	59	58	3.61
1154	59	60	3.30
1155	59	61	6.95
1156	59	62	7.11
1157	59	63	7.82
1158	59	64	9.61
1159	59	74	19.96
1160	59	75	18.63
1161	59	76	15.81
1162	59	77	12.90
1163	59	78	11.29
1164	59	79	16.70
1165	59	80	17.02
1166	59	81	14.03
1167	59	82	11.00
1168	59	83	8.94
1169	59	121	19.73
1170	59	122	17.49
1171	59	123	14.92
1172	59	124	11.70
1173	59	125	8.78
1174	59	126	6.49
1175	59	127	4.30
1176	59	128	4.29
1177	59	129	6.48
1178	59	130	6.36
1179	59	131	9.17
1180	59	132	11.94
1181	59	133	13.65
1182	59	134	14.94
1183	59	135	12.74
1184	59	136	19.50
1185	60	1	19.19
1186	60	38	16.22
1187	60	39	14.21
1188	60	40	13.20
1189	60	41	13.13
1190	60	42	15.05
1191	60	43	16.51
1192	60	44	18.87
1193	60	57	10.40
1194	60	58	6.87
1195	60	59	3.30
1196	60	61	3.65
1197	60	62	7.07
1198	60	63	6.13
1199	60	64	6.96
1200	60	72	19.09
1201	60	73	18.18
1202	60	74	16.75
1203	60	75	15.33
1204	60	76	12.54
1205	60	77	9.74
1206	60	78	8.27
1207	60	79	14.08
1208	60	80	13.78
1209	60	81	10.78
1210	60	82	7.72
1211	60	83	5.65
1212	60	121	19.56
1213	60	122	17.50
1214	60	123	15.12
1215	60	124	12.29
1216	60	125	10.07
1217	60	126	8.39
1218	60	127	7.08
1219	60	128	7.02
1220	60	129	8.21
1221	60	130	9.32
1222	60	131	11.76
1223	60	132	14.25
1224	60	133	15.33
1225	60	134	15.71
1226	60	135	13.10
1227	60	136	18.73
1228	61	1	15.54
1229	61	38	16.90
1230	61	39	14.28
1231	61	40	12.28
1232	61	41	11.37
1233	61	42	12.26
1234	61	43	13.37
1235	61	44	15.47
1236	61	45	17.58
1237	61	46	19.70
1238	61	57	12.73
1239	61	58	10.52
1240	61	59	6.95
1241	61	60	3.65
1242	61	62	8.81
1243	61	63	6.27
1244	61	64	5.23
1245	61	69	19.30
1246	61	70	18.35
1247	61	71	16.97
1248	61	72	15.55
1249	61	73	14.53
1250	61	74	13.19
1251	61	75	11.70
1252	61	76	9.02
1253	61	77	6.51
1254	61	78	5.49
1255	61	79	11.78
1256	61	80	10.19
1257	61	81	7.20
1258	61	82	4.08
1259	61	83	2.01
1260	61	121	19.81
1261	61	122	18.01
1262	61	123	15.95
1263	61	124	13.68
1264	61	125	12.24
1265	61	126	11.16
1266	61	127	10.44
1267	61	128	10.49
1268	61	129	11.10
1269	61	130	12.85
1270	61	131	15.04
1271	61	132	17.30
1272	61	133	17.87
1273	61	134	17.45
1274	61	135	14.57
1275	61	136	18.75
1276	62	38	9.40
1277	62	39	8.12
1278	62	40	8.84
1279	62	41	10.42
1280	62	42	14.33
1281	62	43	16.64
1282	62	44	19.76
1283	62	57	4.11
1284	62	58	8.12
1285	62	59	7.11
1286	62	60	7.07
1287	62	61	8.81
1288	62	63	3.65
1289	62	64	6.88
1290	62	75	18.01
1291	62	76	14.75
1292	62	77	11.39
1293	62	78	9.36
1294	62	79	12.35
1295	62	80	17.98
1296	62	81	15.17
1297	62	82	12.13
1298	62	83	10.38
1299	62	124	18.72
1300	62	125	15.89
1301	62	126	13.55
1302	62	127	10.98
1303	62	128	6.13
1304	62	129	4.00
1305	62	130	7.95
1306	62	131	8.31
1307	62	132	9.56
1308	62	133	9.27
1309	62	134	8.73
1310	62	135	6.02
1311	62	136	12.41
1312	62	137	14.74
1313	62	138	18.40
1314	63	1	18.61
1315	63	38	10.63
1316	63	39	8.20
1317	63	40	7.16
1318	63	41	7.74
1319	63	42	11.02
1320	63	43	13.19
1321	63	44	16.21
1322	63	45	18.92
1323	63	57	7.70
1324	63	58	10.13
1325	63	59	7.82
1326	63	60	6.13
1327	63	61	6.27
1328	63	62	3.65
1329	63	64	3.23
1330	63	72	19.79
1331	63	73	17.46
1332	63	74	17.48
1333	63	75	14.37
1334	63	76	11.10
1335	63	77	7.74
1336	63	78	5.71
1337	63	79	9.31
1338	63	80	14.50
1339	63	81	11.80
1340	63	82	8.89
1341	63	83	7.40
1342	63	124	18.42
1343	63	125	16.09
1344	63	126	14.14
1345	63	127	12.11
1346	63	128	8.70
1347	63	129	7.41
1348	63	130	10.90
1349	63	131	11.80
1350	63	132	13.21
1351	63	133	12.77
1352	63	134	11.50
1353	63	135	8.51
1354	63	136	12.73
1355	63	137	14.54
1356	63	138	17.61
1357	64	1	15.40
1358	64	38	12.55
1359	64	39	9.54
1360	64	40	7.08
1361	64	41	6.26
1362	64	42	8.35
1363	64	43	10.25
1364	64	44	13.13
1365	64	45	15.77
1366	64	46	18.27
1367	64	57	10.90
1368	64	58	12.53
1369	64	59	9.61
1370	64	60	6.96
1371	64	61	5.23
1372	64	62	6.88
1373	64	63	3.23
1374	64	69	19.43
1375	64	70	19.49
1376	64	71	16.93
1377	64	72	16.72
1378	64	73	14.24
1379	64	74	14.44
1380	64	75	11.15
1381	64	76	7.87
1382	64	77	4.52
1383	64	78	2.49
1384	64	79	7.14
1385	64	80	11.52
1386	64	81	9.00
1387	64	82	6.40
1388	64	83	5.47
1389	64	124	18.73
1390	64	125	16.91
1391	64	126	15.36
1392	64	127	13.84
1393	64	128	11.47
1394	64	129	10.56
1395	64	130	13.77
1396	64	131	14.94
1397	64	132	16.43
1398	64	133	15.93
1399	64	134	14.29
1400	64	135	11.26
1401	64	136	13.85
1402	64	137	15.13
1403	64	138	17.55
1404	65	1	11.44
1405	65	33	17.93
1406	65	34	14.43
1407	65	35	12.34
1408	65	36	15.09
1409	65	37	12.64
1410	65	44	17.22
1411	65	45	14.77
1412	65	46	12.76
1413	65	47	11.15
1414	65	48	10.21
1415	65	49	9.96
1416	65	50	10.84
1417	65	51	10.46
1418	65	52	7.56
1419	65	53	5.23
1420	65	54	8.51
1421	65	55	5.69
1422	65	56	2.66
1423	65	66	3.60
1424	65	67	4.16
1425	65	68	5.52
1426	65	69	7.72
1427	65	70	6.86
1428	65	71	10.03
1429	65	72	9.69
1430	65	73	12.59
1431	65	74	12.05
1432	65	75	15.49
1433	65	76	18.69
1434	65	80	15.08
1435	65	81	18.03
1436	65	94	19.95
1437	65	95	18.74
1438	65	96	16.72
1439	65	97	15.27
1440	65	98	13.36
1441	65	99	12.49
1442	65	100	18.62
1443	65	101	19.33
1444	65	104	19.42
1445	65	105	17.15
1446	65	106	15.12
1447	65	107	12.79
1448	65	108	12.72
1449	65	109	13.56
1450	65	110	15.38
1451	65	111	17.76
1452	66	1	8.08
1453	66	34	17.71
1454	66	35	15.90
1455	66	36	17.05
1456	66	37	14.18
1457	66	42	19.35
1458	66	43	16.96
1459	66	44	14.22
1460	66	45	12.05
1461	66	46	10.44
1462	66	47	9.46
1463	66	48	9.35
1464	66	49	10.04
1465	66	50	11.78
1466	66	51	13.64
1467	66	52	10.51
1468	66	53	7.68
1469	66	54	12.08
1470	66	55	9.26
1471	66	56	6.25
1472	66	65	3.60
1473	66	67	5.07
1474	66	68	3.97
1475	66	69	4.82
1476	66	70	3.27
1477	66	71	6.78
1478	66	72	6.09
1479	66	73	9.19
1480	66	74	8.45
1481	66	75	12.00
1482	66	76	15.15
1483	66	77	18.32
1484	66	80	11.48
1485	66	81	14.44
1486	66	82	17.60
1487	66	83	19.63
1488	66	96	19.38
1489	66	97	18.27
1490	66	98	16.87
1491	66	99	16.09
1492	66	106	18.71
1493	66	107	16.20
1494	66	108	15.63
1495	66	109	15.77
1496	66	110	16.88
1497	66	111	18.56
1498	67	1	10.28
1499	67	33	15.23
1500	67	34	13.71
1501	67	35	14.23
1502	67	36	11.98
1503	67	37	9.12
1504	67	43	18.19
1505	67	44	14.96
1506	67	45	12.20
1507	67	46	9.81
1508	67	47	7.72
1509	67	48	6.29
1510	67	49	5.80
1511	67	50	6.91
1512	67	51	9.60
1513	67	52	6.31
1514	67	53	3.25
1515	67	54	10.55
1516	67	55	8.01
1517	67	56	5.52
1518	67	65	4.16
1519	67	66	5.07
1520	67	68	3.22
1521	67	69	6.25
1522	67	70	7.59
1523	67	71	8.76
1524	67	72	10.10
1525	67	73	11.45
1526	67	74	12.34
1527	67	75	14.54
1528	67	76	17.83
1529	67	80	15.24
1530	67	81	18.23
1531	67	92	18.82
1532	67	93	17.45
1533	67	94	16.48
1534	67	95	15.57
1535	67	96	14.56
1536	67	97	13.80
1537	67	98	13.56
1538	67	99	13.54
1539	67	100	16.44
1540	67	101	17.87
1541	67	102	19.73
1542	67	104	19.56
1543	67	105	17.93
1544	67	106	16.54
1545	67	107	15.31
1546	67	108	16.11
1547	67	109	17.46
1548	67	110	19.49
1549	68	1	7.06
1550	68	33	17.79
1551	68	34	16.91
1552	68	35	17.13
1553	68	36	14.33
1554	68	37	11.19
1555	68	42	17.73
1556	68	43	15.13
1557	68	44	11.99
1558	68	45	9.38
1559	68	46	7.24
1560	68	47	5.73
1561	68	48	5.38
1562	68	49	6.31
1563	68	50	8.46
1564	68	51	12.80
1565	68	52	9.51
1566	68	53	6.46
1567	68	54	13.35
1568	68	55	10.64
1569	68	56	7.78
1570	68	65	5.52
1571	68	66	3.97
1572	68	67	3.22
1573	68	69	3.04
1574	68	70	5.15
1575	68	71	5.54
1576	68	72	7.27
1577	68	73	8.23
1578	68	74	9.38
1579	68	75	11.32
1580	68	76	14.60
1581	68	77	17.94
1582	68	78	19.97
1583	68	80	12.17
1584	68	81	15.14
1585	68	82	18.20
1586	68	92	19.83
1587	68	93	18.89
1588	68	94	18.37
1589	68	95	17.79
1590	68	96	17.40
1591	68	97	16.88
1592	68	98	16.76
1593	68	99	16.64
1594	68	100	19.26
1595	68	106	19.58
1596	68	107	17.96
1597	68	108	18.22
1598	68	109	19.00
1599	69	1	4.03
1600	69	34	19.95
1601	69	35	19.85
1602	69	36	16.95
1603	69	37	13.71
1604	69	41	19.56
1605	69	42	14.97
1606	69	43	12.44
1607	69	44	9.51
1608	69	45	7.24
1609	69	46	5.75
1610	69	47	5.42
1611	69	48	6.39
1612	69	49	8.22
1613	69	50	10.80
1614	69	51	15.84
